583
584
585
586
587
588
591
613
650
651
657
658
659
669
670
671
696
699
726
727
736
737
738
742
745
749
753
754
755
758
828
829
830
852
861
867
871
891
896
927
928
957
960
962
968
983
984
993
994
995
1024
1032
1035
1052
1083
1131
1132
1133
1134
1135
1137
1155
1169
1170
1174
1175
1181
1199
1236
1237
1244
1355
1358
1479
1486
1578
1579
1599
1600
1601
1602
1603
1609
1610
1611
1612
1613
1614
1615
1616
1617
1618
1631
1632
1633
1635
1641
1660
1690
1698
1699
1700
1703
1704
1705
1706
1712
1715
1716
1717
1719
1772
1773
1854
1855
1886
1908
1918
1955
1956
2030
2049
2051
2069
2083
2233
2235
2287
2288
2453
2474
2475
3231
3239
3240
3241
3242
3249
3257
3258
3259
3260
3261
3263
3264
3269
3270
3271
3272
3275
3276
3293
3313
3315
3317
3319
3330
3354
3366
3410
3413
3414
3418
3419
3433
3434
3506
3507
3550
3551
3560
3561
3994
3995
3996
3997
3998
3999
4000
4001
4002
4003
4004
4013
4014
4015
4016
4017
4018
4019
4058
4059
4060
4094
4095
4096
4097
4098
4099
4100
4101
4102
4125
4128
4129
4130
4131
4132
4133
4137
4138
4139
4140
4141
4426
4607
4782
4866
4882
4935
4936
4987
4990
4991
4999
5002
5005
5103
5107
5167
5452
5570
5579
5605
5609
5663
5778
5779
5904
5905
5926
5927
5928
5933
5934
6004
6005
6009
6032
6071
6072
6073
6074
6075
6401
6402
6422
6432
6433
6434
6435
6436
6437
6438
6465
6806
7885
7886
7887
7888
11166
11167
11170
11171
11172
11173
11174
11183
11184
11185
11224
11229
11230
11754
11756
11793
11797
11802
11804
11805
11813
11827
11829
11833
11843
11844
11846
11863
11869
11870
11877
11878
11962
11974
11982
11983
11985
11986
11987
11988
12372
12375
12382
12485
12550
12554
12569
12578
12579
12580
12581
12604
12606
12618
12619
12621
12623
12627
12628
12639
12640
12686
12697
12698
12701
12702
12712
12713
12714
12715
12718
12720
12733
12751
12757
12758
12760
12776
12780
12783
12796
12800
12806
12808
12809
12816
12820
12821
12824
12831
12832
12833
12834
12835
12836
12839
12840
12843
12849
12852
12854
12858
12861
12864
12865
12869
12871
12877
12878
12882
12888
12889
12890
12892
12893
12894
12895
12900
12903
12904
12906
12907
12914
12925
12927
12929
12931
12932
12935
12937
12938
12939
12944
12945
12952
12953
12956
12959
12960
12961
12962
12970
12972
12973
12976
12977
12978
12979
12980
12982
12983
12984
12985
12986
12987
12988
12990
12993
12994
12996
12997
13014
13016
13018
13020
13021
13024
13025
13026
13028
13032
13033
13034
13035
13040
13041
13057
13058
13059
13060
13066
13067
13068
13082
13086
13087
13091
13119
13121
13122
13125
13126
13128
13142
13145
13162
13168
13170
13176
13181
13183
13186
13187
13188
13189
13193
13194
13196
13198
13199
13201
13202
13203
13204
13218
13219
13225
13230
13231
13232
13233
13235
13236
13237
13250
13251
13259
13261
13263
13264
13275
13276
13277
13278
13280
13284
13285
13287
13288
13296
13297
13298
13299
13300
13301
13306
13312
13313
13314
13318
13319
13320
13321
13326
13327
13328
13330
13332
13333
13334
13337
13341
13345
13352
13358
13361
13363
13370
13371
13378
13379
13383
13387
13388
13389
13391
13392
13393
13394
13395
13396
13397
13400
13402
13405
13406
13408
13409
13412
13413
13418
13421
13424
13427
13432
13433
13435
13436
13437
13438
13439
13440
13445
13446
13455
13458
13463
13464
13467
13468
13471
13473
13475
13476
13480
13484
13485
13486
13503
13505
13506
13508
13509
13510
13511
13512
13513
13514
13515
13516
13517
13519
13521
13522
13523
13526
13527
13528
13531
13532
13535
13536
13537
13538
13541
13542
13545
13546
13547
13552
13557
13558
13560
13562
13563
13564
13565
13567
13570
13577
13585
13588
13589
13590
13591
13598
13605
13606
13610
13611
13612
13613
13614
13617
13618
13619
13620
13621
13622
13627
13628
13630
13633
13634
13638
13639
13640
13641
13643
13644
13645
13646
13647
13652
13654
13658
13659
13676
13677
13703
13704
13705
13706
13707
13709
13724
13725
13726
13727
13728
13729
13730
13731
13732
13734
13735
13736
13741
13742
13743
13744
13745
13749
13750
13756
13763
13764
13765
13766
13767
13768
13772
13774
13780
13782
13783
13784
13785
13786
13787
13788
14190
14191
14192
14193
14195
14196
14197
14198
14200
14201
14202
14203
14204
14209
14210
14212
14214
14215
14219
14220
14223
14224
14225
14226
14228
14229
14230
14231
14232
14233
14234
14235
14236
14237
14239
14240
14241
14242
14245
14246
14247
14248
14249
14251
14258
14259
14260
14261
14262
14265
14266
14269
14295
14297
14307
14310
14351
14354
14361
14362
14367
14379
14383
14429
14461
14464
14482
14483
14514
14522
14542
14548
14570
14573
14574
14576
14878
14879
14894
14896
14914
14987
14988
14999
15000
15002
15036
15037
15040
15055
15056
15060
15062
15063
15064
15065
15066
15067
15068
15080
15082
15083
15105
15107
15109
15110
15111
15112
15113
15114
15115
15121
15130
15131
15132
15134
15141
15152
15153
15154
15155
15156
15157
15158
15159
15160
15162
15164
15165
15166
15167
15173
15174
15175
15176
15177
15178
15179
15180
15191
15197
15199
15201
15204
15205
15207
15208
15209
15210
15213
15217
15218
15219
15222
15223
15224
15225
15226
15227
15228
15230
15233
15234
15235
15243
15244
15265
15266
15267
15268
15269
15272
15273
15276
15277
15279
15285
15287
15288
15293
15296
15300
15306
15324
15334
15335
15338
15364
15369
15371
15375
15426
15432
15433
15467
15489
15490
15491
15492
15493
15501
15503
15514
15515
15516
15518
15538
15540
15555
15577
15579
15580
15583
15622
15635
15636
15642
15643
15671
15673
15706
15718
15732
15733
15746
15747
15756
15762
15770
15791
15803
15804
15814
15815
15816
15817
15826
15827
15848
15861
15874
15898
15899
15909
15912
15990
16009
16031
16032
16036
16047
16055
16092
16099
16105
16115
16117
16119
16126
16222
16223
16224
16225
16226
16227
16228
16229
16230
16231
16232
16235
16236
16237
16238
